todas las camaras , 17 total;bien

Promedio = 0,35686 cm
99% = 0,81266 cm
Media = 0,3607 cm
---
1;LeftUpLeg
2;LeftLeg
3;LeftFoot
4;RightUpLeg
5;RightLeg
6;RightFoot
7;Spine
8;Head
9;LeftArm
10;LeftForeArm
11;LeftHand
12;RightArm
13;RightForeArm
14;RightHand
marker_track marker_ground promedio prc_99
12,0000,1,0000,0,3671,0,5158
3,0000,2,0000,0,3670,0,5411
2,0000,3,0000,0,3720,0,5580
6,0000,4,0000,0,3714,0,5879
4,0000,5,0000,0,3780,0,5860
14,0000,6,0000,0,4212,1,8483
9,0000,7,0000,0,4040,0,6043
7,0000,8,0000,0,3867,0,9063
8,0000,9,0000,0,3666,0,7997
13,0000,10,0000,0,3873,0,9056
10,0000,11,0000,0,4007,1,1722
1,0000,12,0000,0,4025,1,4771
11,0000,13,0000,0,3844,0,7810
5,0000,14,0000,0,3816,0,7728

3,5,7,9,11,13,15,17

Promedio = 0,33603 cm
99% = 0,53412 cm
Media = 0,35145 cm
---
1;LeftUpLeg
2;LeftLeg
3;LeftFoot
4;RightUpLeg
5;RightLeg
6;RightFoot
7;Spine
8;Head
9;LeftArm
10;LeftForeArm
11;LeftHand
12;RightArm
13;RightForeArm
14;RightHand
marker_track marker_ground promedio prc_99
,14,0000,1,0000,0,3551,0,6197
,7,0000,2,0000,0,3491,0,4464
,1,0000,3,0000,0,3582,0,5339
,3,0000,4,0000,0,3680,0,6825
,10,0000,5,0000,0,3627,0,6065
,11,0000,6,0000,0,3597,0,5667
,13,0000,7,0000,0,3819,0,5122
,4,0000,8,0000,0,3676,0,5208
,5,0000,9,0000,0,3607,0,5160
,9,0000,10,0000,0,3621,0,6793
,8,0000,11,0000,0,3667,0,7895
,12,0000,12,0000,0,3602,0,5078
,6,0000,13,0000,0,3600,0,5199
,2,0000,14,0000,0,3637,0,4884

4,6,8,12,14,16

Promedio = 1,0095 cm
99% = 24,3404 cm
Media = 0,34419 cm
---
1;LeftUpLeg
2;LeftLeg
3;LeftFoot
4;RightUpLeg
5;RightLeg
6;RightFoot
7;Spine
8;Head
9;LeftArm
10;LeftForeArm
11;LeftHand
12;RightArm
13;RightForeArm
14;RightHand
marker_track marker_ground promedio prc_99
;13,0000;1,0000;5,8210;37,6612
;9,0000;2,0000;0,3513;0,8160
;1,0000;3,0000;0,3605;1,2945
;8,0000;4,0000;4,1048;58,1895
;7,0000;5,0000;0,3472;0,4227
;18,0000;6,0000;0,5627;9,3183
;6,0000;7,0000;0,6640;17,1032
;3,0000;8,0000;0,3559;0,4546
;2,0000;9,0000;0,5959;6,4694
;12,0000;10,0000;0,3472;0,4888
;11,0000;11,0000;0,3519;0,6833
;5,0000;12,0000;0,5879;6,7102
;10,0000;13,0000;0,3511;0,6307
;4,0000;14,0000;0,4799;7,4024
	
3,6,9,11,14,17

Promedio = 0,71806 cm
99% = 17,1131 cm
Media = 0,34339 cm
---
1;LeftUpLeg
3;LeftFoot
4;RightUpLeg
5;RightLeg
6;RightFoot
7;Spine
8;Head
9;LeftArm
10;LeftForeArm
11;LeftHand
12;RightArm
13;RightForeArm
14;RightHand
marker_track marker_ground promedio prc_99
;13,0000;1,0000;3,6182;45,3281
;1,0000;3,0000;0,3667;0,8624
;4,0000;4,0000;1,2155;27,1109
;12,0000;5,0000;0,3412;0,4100
;18,0000;6,0000;0,7806;19,5713
;9,0000;7,0000;0,4985;5,5806
;10,0000;8,0000;0,3800;0,5400
;6,0000;9,0000;0,6544;9,2929
;5,0000;10,0000;0,3608;0,6560
;11,0000;11,0000;0,3717;0,7004
;8,0000;12,0000;0,5145;9,4856
;3,0000;13,0000;0,3653;0,6726
;2,0000;14,0000;0,6051;14,0673
	
1,3,9,11,17	
	
Promedio = 3,0121 cm
99% = 40,035 cm
Media = 0,40252 cm
---
2;LeftLeg
3;LeftFoot
4;RightUpLeg
5;RightLeg
7;Spine
8;Head
9;LeftArm
10;LeftForeArm
11;LeftHand
12;RightArm
13;RightForeArm
14;RightHand
marker_track marker_ground promedio prc_99
;8,0000;2,0000;0,4295;2,3917
;1,0000;3,0000;0,4147;0,7458
;10,0000;4,0000;4,2922;58,0209
;11,0000;5,0000;3,3777;61,5332
;12,0000;7,0000;18,9827;50,6854
;13,0000;8,0000;9,2659;22,7929
;7,0000;9,0000;0,5064;4,9531
;4,0000;10,0000;0,6575;10,2007
;6,0000;11,0000;0,6831;13,8355
;5,0000;12,0000;0,7107;14,7915
;3,0000;13,0000;2,3882;34,3833
;2,0000;14,0000;1,9060;38,9179	
	
1,4,8,12,16	
	
Promedio = 1,0513 cm
99% = 20,5912 cm
Media = 0,36323 cm
---
2;LeftLeg
3;LeftFoot
5;RightLeg
6;RightFoot
7;Spine
9;LeftArm
10;LeftForeArm
11;LeftHand
12;RightArm
marker_track marker_ground promedio prc_99
;2,0000;2,0000;0,8971;22,9880
;5,0000;3,0000;0,5518;8,6042
;8,0000;5,0000;0,3934;1,5824
;9,0000;6,0000;0,4930;4,8055
;11,0000;7,0000;16,6915;35,0544
;7,0000;9,0000;0,3648;0,5347
;10,0000;10,0000;0,7586;13,8037
;3,0000;11,0000;1,5395;25,0238
;4,0000;12,0000;0,6703;7,4090

4,8,12,16

Promedio = 1,3662 cm
99% = 23,0206 cm
Media = 0,36124 cm
---
2;LeftLeg
3;LeftFoot
5;RightLeg
6;RightFoot
7;Spine
8;Head
9;LeftArm
10;LeftForeArm
11;LeftHand
12;RightArm
13;RightForeArm
14;RightHand
marker_track marker_ground promedio prc_99
;9,0000;2,0000;0,5650;9,7164
;5,0000;3,0000;0,3800;0,9696
;8,0000;5,0000;0,6517;13,5000
;10,0000;6,0000;0,4682;4,8055
;3,0000;7,0000;3,1591;30,8635
;2,0000;8,0000;0,3595;0,4278
;7,0000;9,0000;0,3609;0,5417
;12,0000;10,0000;2,8277;25,0512
;11,0000;11,0000;0,6116;9,7550
;4,0000;12,0000;0,6862;11,1969
;6,0000;13,0000;2,0736;21,7146
;1,0000;14,0000;0,9646;22,8450
	
3,9,11,17 	
	
Promedio = 1,1976 cm
99% = 22,5326 cm
Media = 0,39592 cm
---
1;LeftUpLeg
2;LeftLeg
3;LeftFoot
4;RightUpLeg
6;RightFoot
7;Spine
8;Head
9;LeftArm
10;LeftForeArm
11;LeftHand
12;RightArm
13;RightForeArm
marker_track marker_ground promedio prc_99
;14,0000;1,0000;2,1670;31,4114
;12,0000;2,0000;1,1854;26,0476
;1,0000;3,0000;0,4273;0,7269
;11,0000;4,0000;0,8181;13,8336
;10,0000;6,0000;0,4841;1,1391
;5,0000;7,0000;3,7266;29,8362
;8,0000;8,0000;0,3880;0,5400
;9,0000;9,0000;0,4155;0,5588
;4,0000;10,0000;2,8636;17,1966
;7,0000;11,0000;0,4814;3,8581
;6,0000;12,0000;0,6188;12,4351
;3,0000;13,0000;2,2073;25,8873

3;5;9;11;13;17

Promedio = 0,51182 cm
99% = 6,9322 cm
Media = 0,35962 cm
---
1;LeftUpLeg
2;LeftLeg
3;LeftFoot
4;RightUpLeg
5;RightLeg
6;RightFoot
7;Spine
8;Head
9;LeftArm
10;LeftForeArm
11;LeftHand
12;RightArm
13;RightForeArm
14;RightHand
marker_track marker_ground promedio prc_99
;13,0000;1,0000;1,4455;22,4893
;7,0000;2,0000;0,3948;1,7799
;1,0000;3,0000;0,3824;0,8816
;6,0000;4,0000;1,1137;12,3685
;12,0000;5,0000;0,4018;1,5785
;11,0000;6,0000;0,3969;1,2771
;8,0000;7,0000;0,4152;1,4769
;3,0000;8,0000;0,3840;0,7113
;15,0000;9,0000;0,5909;7,9405
;5,0000;10,0000;0,4258;1,7149
;10,0000;11,0000;0,3909;1,2141
;9,0000;12,0000;0,3756;0,7621
;4,0000;13,0000;0,3968;0,9704
;2,0000;14,0000;0,6170;14,0623
	
3;7;9;11;15;17

Promedio = 0,5512 cm
99% = 7,4726 cm
Media = 0,36173 cm
---
2;LeftLeg
3;LeftFoot
4;RightUpLeg
5;RightLeg
6;RightFoot
7;Spine
8;Head
9;LeftArm
10;LeftForeArm
11;LeftHand
12;RightArm
13;RightForeArm
14;RightHand
marker_track marker_ground promedio prc_99
;13,0000;2,0000;0,5296;2,7400
;1,0000;3,0000;0,3844;0,8658
;3,0000;4,0000;1,4861;15,8273
;7,0000;5,0000;0,3846;0,6913
;10,0000;6,0000;0,3930;1,3017
;12,0000;7,0000;1,2313;10,2902
;8,0000;8,0000;0,3840;0,6934
;4,0000;9,0000;0,3908;0,8389
;6,0000;10,0000;0,3895;0,9638
;9,0000;11,0000;0,3756;1,0439
;11,0000;12,0000;0,3860;0,8189
;5,0000;13,0000;0,5160;5,8124
;2,0000;14,0000;0,7186;11,8042



