3;4;5;6;7;8;9;11;12;13;14;15;16;17

Promedio = 0,39741 cm
99% = 1,4952 cm
Media = 0,36559 cm
---
1;LeftUpLeg
2;LeftLeg
3;LeftFoot
4;RightUpLeg
5;RightLeg
6;RightFoot
7;Head
8;LeftArm
9;LeftForeArm
10;LeftHand
11;RightArm
12;RightForeArm
13;RightHand
marker_track marker_ground promedio prc_99
;14,0000;1,0000;0,4695;2,7781
;11,0000;2,0000;0,4176;1,4028
;10,0000;3,0000;0,3935;0,7140
;5,0000;4,0000;0,4451;2,9214
;12,0000;5,0000;0,3726;1,0633
;6,0000;6,0000;0,3633;0,8745
;4,0000;7,0000;0,4068;1,5204
;13,0000;8,0000;0,3951;0,7051
;1,0000;9,0000;0,4670;2,9049
;9,0000;10,0000;0,4259;1,5519
;2,0000;11,0000;0,3845;0,8526
;7,0000;12,0000;0,3987;1,6960
;8,0000;13,0000;0,3866;1,1216

3;5;7;9;11;13;15;17

Promedio = 0,37824 cm
99% = 1,2867 cm
Media = 0,3579 cm
---
1;LeftUpLeg
2;LeftLeg
3;LeftFoot
4;RightUpLeg
5;RightLeg
6;RightFoot
7;Head
8;LeftArm
9;LeftForeArm
10;LeftHand
11;RightArm
12;RightForeArm
13;RightHand
marker_track marker_ground promedio prc_99
;4,0000;1,0000;0,4232;1,2907
;7,0000;2,0000;0,4232;2,3317
;1,0000;3,0000;0,4045;0,6123
;6,0000;4,0000;0,3882;1,4679
;3,0000;5,0000;0,3475;0,7875
;13,0000;6,0000;0,3858;2,2040
;5,0000;7,0000;0,3690;0,5278
;12,0000;8,0000;0,4139;1,4362
;8,0000;9,0000;0,3852;0,5232
;9,0000;10,0000;0,3923;0,5664
;10,0000;11,0000;0,4395;1,7055
;2,0000;12,0000;0,3441;0,5617
;11,0000;13,0000;0,3528;0,7263

3;5;9;11;13;17

Promedio = 0,43212 cm
99% = 2,4391 cm
Media = 0,36768 cm
---
1;LeftUpLeg
2;LeftLeg
3;LeftFoot
4;RightUpLeg
5;RightLeg
6;RightFoot
7;Head
8;LeftArm
9;LeftForeArm
10;LeftHand
11;RightArm
12;RightForeArm
13;RightHand
marker_track marker_ground promedio prc_99
;4,0000;1,0000;0,8081;9,8783
;6,0000;2,0000;0,5145;3,5296
;2,0000;3,0000;0,4198;0,6535
;3,0000;4,0000;0,4243;2,0492
;11,0000;5,0000;0,3553;1,0051
;12,0000;6,0000;0,3852;2,2009
;5,0000;7,0000;0,3803;0,5388
;10,0000;8,0000;0,4288;1,3562
;7,0000;9,0000;0,3955;0,5965
;8,0000;10,0000;0,3980;0,5513
;1,0000;11,0000;0,5743;3,2080
;13,0000;12,0000;0,3580;0,6621
;9,0000;13,0000;0,3492;0,6748
	
3;9;11;17	
	
Promedio = 1,8061 cm
99% = 25,7332 cm
Media = 0,43038 cm
---
1 - LeftUpLeg
2 - LeftLeg
3 - LeftFoot
4 - RightUpLeg
5 - RightLeg
6 - RightFoot
7 - Head
8 - LeftArm
9 - LeftForeArm
10 - LeftHand
11 - RightArm
marker_track marker_ground promedio prc_99
;6,0000;1,0000;3,9761;23,5115
;2,0000;2,0000;0,9590;9,4765
;4,0000;3,0000;0,9796;17,8756
;8,0000;4,0000;6,5918;36,9034
;10,0000;5,0000;0,8372;15,4254
;12,0000;6,0000;1,1164;30,4735
;1,0000;7,0000;0,3780;0,5260
;11,0000;8,0000;1,5435;20,0225
;5,0000;9,0000;0,8621;12,8470
;7,0000;10,0000;1,5922;17,1708
;9,0000;11,0000;5,5887;25,7882